47	210	1212	815	566	774	1808	1441	257	637	1763	1660	1516	1054	1343	376	1284	1672	19	922	761	990	375	743	1134	474	1502	222
1314	1676	1284	1940	474	1197	284	167	1777	1999	1314	497
804	1493	794	1441	1952	694
901	585	1743	779	213	1847	569	1659	256	1722	195	376	349	1641	801	719	584	712	975	1452	713	656	227	1540	1891	73	338	1838	612	1502	700	1259	1130	884	1632	1894	1259	1164
497	1673	977	1597	1713	1883	941	417	567	765	761	1940	1014	1054	505	454	1367	951	994	600	130	1232	1862	1563	783	569	670	1054	740	987	1641	1134	1949	1346	905	1436	1356	1933	884	110
1307	1370	369	1071	1017	1659	376	1712	1539	1051	632	922	787	1738	1341	1182	242	409	453	328	1780	1516	1949	1471	1911	1341	1367	1742	610	637	155	225	612	1367	787	101	873	1284	1061
872	1676	571	569	516	1328	1701	1696	292	1949	1024	1477	350	1378	1182	1524	1168	571	58	1367	401	1297	1250	225	786	712	1024	141	158	376	1060	149	269	1742	612	900	330	1377
41	1847	68	1940	1467	1060	770	1593	293	227	369	659	512	338	19	985	369	1192	1751	68	1593	585	149	802	835	922	1505	491	1195	884	1029	1770	1845	656	1852	173	656	1372	690	1494	1790	712	1262	1024	1563	1669	487	1481
1898	1539	1659	1712	569	474	1751	1209	1597	1256	1597	288	1442	941	774	519	288	884	1370	417	1437	1134	989	922	787	1780	632	1526	1197	269	1948	1883	770	715	441	314	850	1943
1661	376	585	967	712	1712	1356	1367	844	225	1940	941	612	770	1627	990	540	1370	207	1207	1168	1406	844	269	726	249	454	600	350	1524	1852	350	1134	1696	1502	1207	1054	401	505	1940	1698	1048	1004
1661	261	1195	1845	1713	505	1367	244	905	1860	922	1821	1778	1778	712	211	761	409	1894	1051	922	487	987	101	1429	1713	700	269	314	1943	1713	173	1341	1821	637	474	1867	1130	884	1259
371	1798	1641	1284	518	1778	1452	416	350	213	977	829	1641	1455	1940	1467	1751	487	1297	1520	1370	1368	712	788	367	1061	637	1701	1371	350	1260	705	199	101	774	265	884	774	724	1199	1024	401	1839	1481
1293	1284	409	1422	612	505	155	712	1134	933	367	1940	1698	1370	774	1161	486	844	1669	350	190	1325	292	293	786	479	1949	210	994	158	612	1061	1949	740	149	1287	1232	1260	700	537	1325	681	518	1130	207
694	1022	1026	1168	1197	1655	788	724	884	1031	946	941	584	1429	1779	519	449	770	1276	678	487	990	1943	401	207	1367	678	1013	1013	350	149	1005	770	265	356	905	195	907	1251
1307	401	737	1207	356	1778	1722	367	401	922	141	850	1949	743	1026	1327	770	211	173	369	1580	173	19	884	1641	678	774	154	691	1860	1948	690	1209	292	417	287	1134	483	375	328	1061
1711	1743	1597	1414	948	1883	1641	1175	213	367	774	1722	1949	614	585	1452	1713	369	1943	1891	1641	1259	1593	269	732	750	1941	1520	873	1655	922	540	678	1867	1060	376	1209	1022	441	1911	1502	505	1830
180	261	719	1311	712	1601	282	409	1751	1527	540	905	1948	1948	334	1883	1367	1455	1182	1356	1771	1839	480	569	1455	1659	1130	115	1494	1988	637	1452	955	409	314	330	417	1956	987	519	713	1546	1508	207
1059	691	1838	225	637	1779	518	236	770	1014	1343	1660	1468	1546	637	1601	1659	1005	786	726	1909	1983	1367	483	1795	74	1343	569	19	1742	159	756	632	292	101	922	1743	1051	728	612	480	700	933	656	1911	154	810	774	1036	1771	726	1839	664
1184	743	1795	1406	506	369	487	159	1054	1778	417	39	173	1287	1940	350	269	1378	1742	1698	737	417	505	1795	540	35	1013	1520	569	410	1051	1311	612	1370	155	360	479
18	1911	606	985	473	770	1862	1795	130	225	786	984	417	1378	705	902	101	279	350	1105	788	158	519	610	971	1197	1378	719	1276	519	411	409	1130	743	261	584	700	1311	1722	1319	922	1701	810	637	1209	691	1436	1897	650	243
1448	338	800	1197	650	518	610	584	1367	354	1429	1310	1593	1207	1182	1795	850	569	1168	1092	761	1676	700	786	743	1632	369	1683	149	938	292	670	700	1673	1891	1207	537	691	1436	1027	1712
1962	1017	1024	1130	376	755	409	487	328	678	1406	774	1986	985	333	409	873	632	338	787	369	719	1477	770	678	1197	1328	1134	199	1909	750	597	941	417	1014	905	375	249	969
888	1026	1106	713	664	700	1233	1520	1933	1779	779	1909	1641	1527	1701	681	328	1779	1061	569	740	705	1601	1632	1061	1949	602	1673	197	115	1510	1790	1291	1949	265	900	756	659	1526	1540	791	755	1911	787	597	1502	1641	1948	1701	1250	328	1742	279
1675	1795	1793	884	409	540	1520	409	1601	989	1367	1840	213	1372	884	705	1368	700	756	1948	737	1061	700	1753	743	1520	1239	774	765	850	369	670	765	1597	1343	1156	1367	1311	1452	1698	1164
694	1467	220	985	700	1669	115	1437	712	585	401	600	1367	1192	1054	155	369	1022	691	1276	409	338	1168	211	409	1232	1494	1207	1310	1325	487	1130	1199	713	1207	1259	483	269	400	505	1164
872	632	1883	409	1669	1778	1949	1683	1795	726	1580	1949	141	585	249	612	409	487	987	612	770	1272	269	1468	850	409	1771	1352	770	1017	1698	1627	197	1909	802	350	873	261	770	1397	1325	1986	1845
694	1022	756	155	569	1812	1580	1179	1949	1593	743	612	1367	1683	491	990	1013	1060	1641	333	691	1260	951	712	1455	985	1207	1297	1239	712	726	173	944	1940	409	977	691	487	765	417	190	1452	681	1897	1838
1704	1494	737	1367	1854	678	1319	770	1933	1673	1197	154	1524	1713	873	225	486	357	922	1712	1738	637	1284	743	1778	350	130	1627	367	486	19	225	637	505	1747	190	479
667	664	637	781	1949	518	1659	1287	101	774	791	1026	1747	1790	1027	211	1197	211	1897	713	1949	1601	269	1986	941	1232	705	1933	1197	441	198	409	269	770	1343	719	197	985	207
1648	93	650	569	1209	491	1779	369	357	1771	1821	1821	376	1655	1259	384	1883	1367	691	844	1760	569	1812	938	1610	480	774	1593	1669	173	1168	1988	293	1367	1924	700	585	287	712	670	1524	779	1311	1251
583	1911	844	350	288	1520	1742	417	376	1005	814	1524	927	729	1883	1824	409	873	441	637	650	1632	1060	115	213	1168	1259	1367	1232	19	700	1130	328	732	19	770	242	1627	288
390	1259	1367	1795	505	774	844	293	101	1949	1262	690	1094	293	1838	1197	1014	519	710	491	800	1520	350	1370	1026	540	985	1207	1371	713	1508	786	1024	1287	1812	1013
605	1738	774	585	1477	1949	1232	1372	357	1660	483	1297	101	829	1284	369	659	225	1325	1013	1502	369	786	1897	1812	650	1949	1027	756	487	1017	637	1862	1632	1753	417	656	1409	1906	519	505
188	1862	1502	774	314	1134	236	1367	1209	1356	650	700	977	713	1660	1031	1197	1742	1022	713	410	1886	1641	303	448	1949	1669	1698	800	850	637	1238	1738	1276	850	505	409	1601	58	1197	1676	1747	990	670	101	480
1062	1527	449	409	505	293	101	350	791	990	1795	1527	933	873	417	1948	1845	1683	505	243	1367	756	1406	1060	1949	1909	1271	884	1328	1319	569	1712	338	1862	1790	584	985	770	1742	225	678	1593	1207	941	1552	1778	678	688	19
1152	1747	1284	922	1937	610	1276	850	1356	384	19	569	632	269	287	1909	369	19	1854	101	1660	274	19	1207	328	1632	678	1583	1940	1510	1156	282	1207	101	1260	1943	1008	1168	519	632	1189	1909	1377
1224	1986	1712	850	400	1949	1465	584	1328	1259	376	448	637	1753	283	483	1539	637	1468	1051	474	600	505

1991	338	1256	473	774	1048	1168	416	19	713	1760	770	1914	987	1812	1130	922	938	519	1753	1259	147	350	502	1017	756	1284	1641	765	756	873	1838	1641	487	765	261	93	712	1712	293	985	474	1698	1299	1367	1838	518	850	1641	659	1409	110	1894	1370
1184	743	1722	1838	350	368	441	287	1520	1911	922	1455	1429	737	700	1838	518	519	519	637	1371	1778	844	1956	1017	573
1464	1751	474	1655	985
1339	1798	1061	1641	1660	1471	207	369	1130	765	376	1949	714	338	68	1610	505	257
1244	225	159	1771	1346	1508	637	487	1017	1940	410	1949	1311	1738	1346	1262

804	185	1472	96	1143	1125
849	1856	922	158	1520	1735	774	154	293	1134	155	637	750	1698	354	1370	309	700	1161	743	989	1949	1311	788	941	650	1367	1284	328	73	1751	637	1683	800	691	1209	1790	1367	786	1017	1798	369	1027	1659	1239	242	670	189
1991	93	68	1259	101
872	328	480	1641	1256	884	726	1743	856	585	1540	1839	1134	927	271	700	987	1698	425	1259	774	571	101	585	1060	480	922	328	519	1295	1655	1641	571	376	1660	600	279	637	1022	1940	334	1655	637	242	1698	905	571	1500
1962	1940	1197	1659	110	850	417	93	1933	1610	1771	1209	1632	448	712	1743	1722	1839	1798	1251	922	1256	101	637	1467	68	985	1207	1747	401	449	788	401	1698	1178
638	1156	1467	1238	1709	637	844	518	376	1949	571	1627	558	1400	712	1539	101	1442	1821	369	617	1026	1477	519	1251	774	1017	1778	1672	505	417	1709	691	356	1199	597	600	279	700	987	612	425	505	409	1839	713	1812	571	1657
56	185	1661	552	643	246
18	1627	1406	774	225	713	905	197	1909	401	774	1455	1909	700	505	213	1641	376	1696	944	1780	1026	584	670	1700
1991	1341	68	1370	1632
368	1026	1372	1909	491	712	1468	1659	1477	279
1417	1539	1051	1751	1944	1017	569	1539	1909	1627	944	376	401	1641	1192	1659	1262	750	788	211	1740	700	71	350	1446	1943	141	1909	1943	411	569	1105	1673	141	1778	1051	1893
509	743	1673	712	376	1287	376	474	1367	1683	441	1341	1260	242	417	225	1722	728	376	770	1712	293	338	584	1790	328	1593	774	1795	487	309	1949	718	705	287	1520	173	1721
1176	1294	351	1293	1773	1125
1059	765	1659	786	1367	1883	850	1195	1780	1182	770	1627	474	1779	1207	1712	225	788	1054	448	922	844	293	1660	1712	637	449	73	1259	211	770	1779	1409	990	1106	713	401	1130	1207	410	101	417	1838	293	93	873	147
1417	225	1429	1370	569	487	1524	68	1284	1341	400	1632	1949	1508	987	610	1747	356	571	417	791	376	774	1111	261	1660	990	1186	1894	774	149	829	569	737	486	670	410	1812	39	1949	1897	101	1199	1199	959
289	1134	1130	293	1949	715	261	902	713	1524	409	505	356	1467	1701	750	350	328	115	158	505	519	1580	1736	309	350	1655	1134	1798	1641	1712	1897	1356	1054	700	1422	93	1742	1207	384	1066	664	1442
872	1862	1839	569	1593	765	1134	1284	637	657	756	864	101	700	869	761	977	1632	1260	712	454	1120	454	712	1508	328	905	1505	602	700	967	491	1452	1655	610	1948	712	314	1738	400	1940
1718	1027	269	537	770	1130	518	1520	350	1883	1845	1597	487	1027	946	571	1660	893	211	1024	1696	1436	1367	1845	1319	1940	1949	610	1352	922	1192	213	375	1065	905	650	864	732	740	884	1121
1808	700	1812	902	409	1048	761	1712	637	1551	448	417	1325	1155	1197	1284	1017	850	1328	1940	1207	1455	884	774	1259	1751	1956	518	712	269	1005	770	781	1904
71	864	1207	1593	1022	441	19	101	1949	884	288	985	1821	770	1259	328	584	483	1291	1641	1779	1897	269	1593	1367	1601	585	1546	713	774	1712	225	985	1632	417	1134	1262	1259	1346	1909	864	409	1672	96	222	729
1924	1155	1207	743	1940	774	724	713	350	1655	951	905	691	537	207	1949	670	269	288	637	1457	1120	729	122	774	1911	1328	700	1232	1155	774	750	610	483	1164	922	1948	994	1794
1152	68	1429	1632	1175	350	670	761	1751	190	449	1370	637	242	1778	1742	1520	800	1372	115	1860	713	1367	338	1891	350	141	1414	770	333	519	905	1505	700	213	1328	1197	1914	1051	519	1726
1304	1751	1713	1655	1845
781	409	1655	585	977	770	483	743	519	637	154	1911	584	1005	1894	1251	712	1786	1207	1259	1597	1914	1197	283	786	700	1914	690	1838	225	1207	1372	732	1209	850	350	1845	1440	1632	505	411	946	1025
388	1738	571	770	670	269	869	1845	774	844	1539	1520	417	141	756	400	1065	1893	946	811	328	1909	990	1698	712	1524	1005	1367	1017	1429	19	569	1437	1812	1494	1179	558	369	1422	893	101	905	19	483	1121
1754	1367	35	1232	844	713	610	1054	1508	922	714	1356	893	19	1940	99	922	1627	1641	265	512	994	469	1610	1471	369	1770	1795	1779	1632	469	1747	1821	700	195	1673	68	1370	376	871
1651	1660	1343	850	448	922	1942	678	1580	1845	1197	1812	941	922	756	941	1022	376	1655	1291	770	1659	1941	356	1207	657	1778	600	269	584	791	1672	1894	774	1780	1527	569	1014	779	1673	441	1883	207
808	1343	1182	1641	732	632	922	1944	73	1713	850	1025	1455	779	1943	1026	1610	971	409	703	417	873	453	173	1747	1239	571	1632	737	1949	1659	155	1197	1130	1669	1520	637	505	283	1233	765	650	1377
1692	1884	867	703	429	132
1001	1251	369	1455	864	376	1722	506	1164	922	141	1798	417	328	850	905	474	1130	1400	637	1092	1409	705	656	569	791	269	632	907	367	1054	1092	1779	279	1367	1455	1031	1940	905	492	774	678	650	569	469	1477	1189	985	1998
605	491	1197	357	1713	1024	1259	788	1477	1291	1641	850	1798	376	1259	480	569	802	612	425	713	864	1949	1156	1911	1051	907	1197	1673	632	569	602	1452	1906	1778	416	1838	558	1657
533	1232	602	713	369	1520	756	159	155	518	279	700	211	1409	637	1520	269	68	650	1027	712	1713	884	1508	1232	950	750	871	922	519	1494	1883	922	902	469	1779	149	1911	1209	1949	225	1520	656	519	1904
1307	1948	1060	637	155	1539	1771	93	350	905	1239	1060	637	1650	719	606	1940	1738	712	1335	400	1778	505	670	1367	761	1696	850	712	518	1940	1597	1583	1798	350	724	149	850	159	711
1016	1341	474	1821	376
578	409	1244	927	791	1627	1941	650	664	770	132	1471	1455	585	602	1742	664	350	487	1539	1909	712	791	850	670	1779	417	1775	1713	732	1940	829	449	1367	1628	409	1669	1134	571	542
1001	369	375	719	1054	1713	1130	1940	1943	584	505	369	1184	1471	516	905	1941	483	539	350	225	1943	802	713	670	844	774	130	612	1860	844	1156	376	314	1597	1860	1657
1718	743	585	1742	922	1909	1271	850	990	417	1999	1641	1655	1539	1026	1751	1179	1311	1641	1182	1325	1793	612	700	1742	73	417	1821	376	713	1207	155	1669	1778	1845	569	571	612	1134	600	1735
61	307	386	1293	1118	607
534	328	678	1284	1367	19	1712	1026	367	902	1641	1795	505	637	487	225	690	1370	1367	1130	1897	1597	650	700	724	951	1524	977	1655	409	19	261	922	714	1051	1860	1838	1111	678	474	1030	147
1066	1508	1641	548	1026	606	1698	1026	1207	1508	1505	678	1747	1250	1017	844	985	110	1457	1610	279	1949	1134	1860	1894	922	486	873	350	1184	1414	1906	1722	1343	1742	417	242	985	1722	571	1126
870	227	922	1311	1909	269	159	856	900	469	869	1520	600	369	329	1738	1341	19	149	1860	835	770	756	1510	600	1207	141	330	1207	449	985	1659	68	1520	755	369	951	761	1713	571	189
721	225	985	1676	1251	700	1894	1713	519	756	1839	574	584	602	1207	786	755	1751	141	1847	101	483	473	1197	1821	1771	1747	1239	737	774	1712	743	1909	922	130	1778	1527	850	656	1660	602	1949	737	1738	788	141	1807
418	705	474	922	1256	1017	761	700	149	505	1949	1199	1780	1287	1867	1676	1563	664	409	732	1775	350	483	518	1738	1259	519	1641	483	787	1409	350	1627	416	1909	922	933	1026	1406	1940	309
1464	1751	864	941	1845
1184	558	1422	1467	1743	786	1207	690	1508	1367	777	1673	938	1632	1164	1367	585	1406	1060	369	368	73	1372	1845	338	417	791	1597	810	1867	873	1539	1698	1883	1983
77	1356	1601	850	1738	770	1742	1897	1660	650	1197	1709	1429	1343	1310	384	1610	1641	1669	691	287	835	1197	1017	376	922	283	1259	922	791	756	955	691	670	1539	376	600	414
489	1294	1320	1120	1285	132
144	700	1832	1051	1894	711	1367	242	486	1060	350	715	1051	141	1778	994	1186	1508	712	1017	269	1494	1894	637	1821	328	850	737	637	246	288	657	585	1156	483	1457	1655	1367	1455	356	1911	491	1894	1253
1016	1341	1713	505	1632
781	1742	712	1839	1780	1610	1061	922	690	786	409	242	690	242	112	1949	1467	39	1597	941	637	1593	293	1632	569	1502	1722	801	480	350	1452	1742	350	1894	1325	571	1323
